103
115
97
97
97
97
97
97
97
102
104
104
104
97
97
97
97
97
102
97
97
97
97
97
97
97
115
97
97
97
97
97
103
97
97
97
104
104
104
104
104
104
103
103
104
98
98
98
98
98
98
98
98
98
98
98
98
98
98
98
98
98
98
98
98
98
98
98
98
98
98
98
98
98
98
98
98
98
98
98
98
98
98
98
98
98
98
98
98
98
98
98
98
98
98
98
98
98
98
98
98
98
98
98
98
98
98
98
98
98
98
98
98
98
98
98
98
98
98
98
98
98
98
98
98
98
102
103
104
97
97
97
97
97
