13
13
13
13
13
13
13
13
13
13
13
13
13
13
13
13
13
13
13
13
13
13
13
13
13
13
13
13
13
13
13
13
13
13
13
13
13
13
13
13
13
13
13
13
13
13
13
13
9
9
9
9
9
9
9
9
9
9
12
10
10
12
12
10
10
4
5
5
6
5
3
5
5
3
2
4
6
6
5
5
4
6
6
4
5
2
3
4
4
5
6
3
2
5
2
4
3
2
2
6
4
3
4
5
2
3
3
6
2
3
6
2
4
6
4
3
6
3
5
5
4
5
5
4
3
6
5
2
6
5
5
3
4
5
7
7
7
8
7
8
8
7
8
7
7
7
7
7
7
8
8
7
7
7
8
9
12
9
9
9
