115
102
97
97
97
97
97
97
97
97
97
97
97
97
115
97
97
97
97
97
97
97
97
97
97
97
102
97
97
97
97
97
97
97
97
97
104
104
104
104
104
104
104
104
97
103
103
97
97
97
97
115
97
97
97
97
97
97
103
98
98
98
98
98
98
98
98
98
98
98
98
98
98
98
98
98
98
98
98
98
98
98
98
98
98
98
98
98
98
98
98
98
98
98
98
98
98
98
98
98
98
98
98
98
98
98
98
98
98
98
98
98
98
98
98
98
98
98
98
98
98
98
98
98
98
98
98
98
98
98
98
98
98
98
98
98
98
98
98
102
