115
115
115
97
97
97
97
97
97
97
97
97
97
97
97
97
97
97
97
97
97
103
103
103
103
103
97
97
97
97
97
97
97
97
97
97
97
102
97
97
97
97
97
97
98
98
98
98
98
98
98
98
98
98
98
98
98
98
98
98
98
98
98
98
98
98
98
98
98
98
98
98
98
98
98
98
98
98
98
98
98
98
98
98
98
98
98
98
98
98
98
98
98
98
98
98
98
98
98
98
98
98
98
98
98
98
98
98
98
98
98
98
98
98
98
98
98
98
98
98
98
98
98
98
98
98
104
104
104
104
104
104
104
104
104
104
104
104
103
97
97
97
104
102
102
